%YAML:1.2
body2world_pose: !!opencv-matrix
  rows: 4
  cols: 4
  dt: d
  data: [0.8470960531341287, -0.22368075627122813, -0.48207384915437274, 0.07659438500006255, -0.333991336952769, -0.9296560930829263, -0.15552921087144062, 0.002849476482681204, -0.41337399967231053, 0.2927566700652994, -0.862215442060275, 0.40161587627830314, 0.0, 0.0, 0.0, 1.0]

























