%YAML:1.2
body2world_pose: !!opencv-matrix
  rows: 4
  cols: 4
  dt: d
  data: [0.9862941081469244, 0.018761185092196146, -0.1639266609450682, 0.23338391239642525, 0.10196589339909523, -0.8503952226488178, 0.5161694701155738, 0.1736629423676692, -0.1297184983646794, -0.5258098356155049, -0.8406527986939727, 0.7732639265624736, 0.0, 0.0, 0.0, 1.0]


















