%YAML:1.2
body2world_pose: !!opencv-matrix
  rows: 4
  cols: 4
  dt: d
  data: [0.9884592729350424, 0.054715331397186526, -0.1412603916843763, 0.0670022838143229, 0.11539561152939022, -0.87609283171149, 0.46812947254312254, 0.15379504537230435, -0.09814335733245227, -0.47902774735273956, -0.8722959925837535, 0.7934461899273646, 0.0, 0.0, 0.0, 1.0]

























