%YAML:1.2
body2world_pose: !!opencv-matrix
  rows: 4
  cols: 4
  dt: d
  data: [0.8413915050051063, -0.23751818051424825, -0.48543325929569675, 0.06118632417743634, -0.3401095221102079, -0.9307776858414645, -0.13408360268718222, 0.0031840958976083397, -0.41998315237067324, 0.277917278096935, -0.8639306327825069, 0.3977829281159889, 0.0, 0.0, 0.0, 1.0]
























