%YAML:1.2
body2world_pose: !!opencv-matrix
  rows: 4
  cols: 4
  dt: d
  data: [-0.21083227554987305, -0.970390124708733, 0.11786754198774074, -0.009316448071705737, -0.5058715212716469, 0.005134287380312741, -0.8625935561198019, 0.19128429431383578, 0.836447102662668, -0.2414883950852833, -0.49197520210510826, 0.7847344338897029, 0.0, 0.0, 0.0, 1.0]

























