%YAML:1.2
body2world_pose: !!opencv-matrix
  rows: 4
  cols: 4
  dt: d
  data: [0.6758202515525127, -0.7366700077816936, 0.024172033973540508, 0.1126160444903073, -0.2735083112811706, -0.2810997914668707, -0.9198783130922285, 0.03404325107350957, 0.6844415177731555, 0.6150611407593566, -0.3914583015803572, 1.0858791829363057, 0.0, 0.0, 0.0, 1.0]






























