%YAML:1.2
body2world_pose: !!opencv-matrix
  rows: 4
  cols: 4
  dt: d
  data: [0.5670385781691637, -0.456635649961974, 0.6855298199580371, 0.13004705860415103, -0.7268257681662933, -0.6689653015860157, 0.15559475570663867, 0.08448813199682037, 0.38754555035165983, -0.5864889670383717, -0.7112236905115663, 0.8091009130690069, 0.0, 0.0, 0.0, 1.0]































