%YAML:1.2
body2world_pose: !!opencv-matrix
  rows: 4
  cols: 4
  dt: d
  data: [-0.2598410996290281, -0.9596608534043918, 0.10739482942270778, -0.20809420003546866, -0.4864806960790933, 0.03402130272275494, -0.8730286841240945, 0.1867074247557466, 0.834157740050393, -0.2790942446633423, -0.47569661267431806, 0.7386686615447976, 0.0, 0.0, 0.0, 1.0]






























